  2  1  1          0.0050          1.5000          1.3000  ! auto_gen
  2  1  1          0.0050          1.5000          1.3000  ! auto_gen
  2  1  1          0.0050          1.5000          1.3000  ! auto_gen
  2  1  1          0.0050          1.5000          1.3000  ! auto_gen
  2  1  1          0.0050          1.5000          1.3000  ! auto_gen
  2  1  1          0.0050          1.5000          1.3000  ! auto_gen
  2  1  1          0.0050          1.5000          1.3000  ! auto_gen
  2  1  1          0.0050          1.5000          1.3000  ! auto_gen
  2  1  1          0.0050          1.5000          1.3000  ! auto_gen
  2  1  1          0.0050          1.5000          1.3000  ! auto_gen
  2  1  1          0.0050          1.5000          1.3000  ! auto_gen
  2  1  1          0.0050          1.5000          1.3000  ! auto_gen
  2  1  1          0.0050          1.5000          1.3000  ! auto_gen
  2  1  1          0.0050          1.5000          1.3000  ! auto_gen
  2  1  1          0.0050          1.5000          1.3000  ! auto_gen
  2  1  4          0.0050          2.0000          1.9000
  2  1  4          0.0050          2.0000          1.9000
  2  1  4          0.0050          2.0000          1.9000
  2  1  4          0.0050          2.0000          1.9000
  2  1  4          0.0050          2.0000          1.9000
  2  1  4          0.0050          2.0000          1.9000
  2  1  4          0.0050          2.0000          1.9000
  2  1  4          0.0050          2.0000          1.9000
  2  1  4          0.0050          2.0000          1.9000
  2  1  4          0.0050          2.0000          1.9000
  2  1  4          0.0050          2.0000          1.9000
  2  1  4          0.0050          2.0000          1.9000
  2  1  4          0.0050          2.0000          1.9000
  2  1  4          0.0050          2.0000          1.9000
  2  1  4          0.0050          2.0000          1.9000
